4	14	3,F,31,0,0,4,34,0,30
6	14	3,F,34,0,0,1,34,0,33
14	16	3,F,34,0,0,1,34,0,33
4	16	3,F,30,0,0,5,34,0,29
16	18	3,F,34,0,0,1,34,0,33
6	16	3,F,33,0,0,2,34,0,32
14	18	3,F,33,0,0,2,34,0,32
6	18	3,F,32,0,0,3,34,0,31
4	6	3,F,32,0,0,3,34,0,31
4	8	3,F,31,0,0,4,34,0,30
6	8	3,F,34,0,0,1,34,0,33
4	10	3,F,30,0,0,5,34,0,29
8	10	3,F,34,0,0,1,34,0,33
10	12	3,F,34,0,0,1,34,0,33
6	10	3,F,33,0,0,2,34,0,32
0	4	3,F,32,0,0,3,34,0,31
2	4	3,F,33,0,0,2,34,0,32
0	2	3,F,34,0,0,1,34,0,33
2	6	3,F,30,0,0,5,34,0,29
8	12	3,F,33,0,0,2,34,0,32
6	12	3,F,32,0,0,3,34,0,31
